                                                            000000000000000000000000000000000000000000
                                                            0                    0                   0
                                                            0   x                d                   0
                                                            0                                        0
                                                            0                    0                   0
                                                            0                    0                   0
                                                            0                    0                   0
                                                            0                    0                   0
                                                            0                    0                   0
                                                            0                    0                   0
                                                            011111111111111111   0                   0
                                                            0                    000000000000000000000
                                                            0 e                  0
                                                            0                    0
                                                            0                    0
                                                            0   111111111111111110
                                                            0                    0
                                                            0 e                  0
                                                            0                    0
                                                            0      111111111111110
                                                            0                    0
                                                            0 e                  0
                                                            0                    0
                                                            0                    0
                                                            01111111111111       0
                                                            0                    0
                                                            0  e                 0
                                                            0       e            0
                                                            0  e                 0
                                                            0                    0
                                                            0            e       0
                                                            0   e                0
                                                            0                    0
                                                            0    11111111111111110
                                                            0       1     1      0
                                                            0       1     1      0
                                                            0       11111111111110
0000000000000000000000000000000000000000000000000000000000000                    0
0            0                                              0       11111111111110
0            0e        e                 e               k  0   e   1     1      0
0            0                                              0       11111111111110
00000000000000     000000000000000000000000000000000000000000                    0
             0                                              0                    0
             0                  e        e                  0                    0
             0          e                       e       e   0       e            0
             0 e                                            0                    0
             0                 e         e                                       0
             0        e                              e                           0
             000000000000000000000000000000000000000000000000000000000000000000000